testing

ans =

     1


ans =

     5     2     4     3     1
     2     3     1     4     5
     1     5     4     2     3
     4     1     3     5     2
     4     5     2     1     3
     4     5     3     1     2
     3     4     5     1     2
     4     5     3     1     2
     5     3     1     4     2
     4     1     2     3     5


ans =

     5     3     4     2     6     7    10     1     9     8
    10     4     1     3     7     9     8     2     6     5
     7     5     6     8     3     1    10     9     2     4
     7     3     8     9     2     6    10     4     1     5
    10     5     4     1     6     7     8     9     2     3


ans =

     2     1
     2     1
     2     1


ans =

     3     2     1     4
     1     4     3     2
     1     2     3     4
     2     1     3     4


ans =

     1     3     2     4
     1     2     4     3
     1     2     3     4
     1     2     3     4


ans =

     1     2     3     4     5     6     7     8     9    10
     6     7     8     9    10     1     2     3     4     5
     1     2     3     4     5     6     7     8     9    10


ans =

     1     2     3     4     5     6     7     8     9    10
     1     2     3     4     5     6     7     8    10     9
    10     9     8     1     2     3     4     5     6     7


ans =

    10
    10


ans =

     0


ans =

     0

diary
